0 0.68515625 0.52421875 0.2546875 0.9421875
0 0.87734375 0.50703125 0.22734375 0.97734375
0 0.2453125 0.66953125 0.4015625 0.6515625
0 0.08046875 0.57578125 0.1609375 0.8390625
0 0.92890625 0.640625 0.13359375 0.71015625
0 0.5234375 0.21171875 0.2 0.4234375
0 0.38828125 0.578125 0.30390625 0.83515625
0 0.2234375 0.22578125 0.1609375 0.45078125
0 0.48671875 0.56015625 0.24140625 0.8703125
0 0.97578125 0.1765625 0.03984375 0.35234375
0 0.49765625 0.49765625 0.9953125 0.9953125
0 0.65625 0.15390625 0.2140625 0.3078125