0 0.61796875 0.765625 0.03984375 0.17421875
0 0.4375 0.74765625 0.0359375 0.1828125
0 0.26796875 0.59140625 0.0359375 0.14765625
0 0.17890625 0.36640625 0.05390625 0.125
0 0.8859375 0.4953125 0.03125 0.14296875
0 0.55390625 0.43046875 0.0265625 0.1296875
0 0.45546875 0.234375 0.0265625 0.09375
0 0.24765625 0.27265625 0.03125 0.10703125
0 0.4109375 0.39765625 0.0265625 0.11640625
0 0.4578125 0.54453125 0.03125 0.14296875
0 0.5046875 0.20859375 0.03046875 0.10625
0 0.73671875 0.353125 0.03515625 0.140625
0 0.971875 0.365625 0.03046875 0.14375
0 0.99296875 0.78828125 0.0140625 0.1703125