0 0.578125 0.4484375 0.03984375 0.1296875
0 0.5203125 0.81484375 0.04921875 0.15625
0 0.28828125 0.671875 0.03984375 0.16484375
0 0.4421875 0.35078125 0.04453125 0.11171875
0 0.31953125 0.4734375 0.03984375 0.13359375
0 0.41953125 0.66328125 0.04453125 0.15625
0 0.83671875 0.20078125 0.03984375 0.0984375
0 0.36796875 0.6453125 0.0578125 0.1296875
0 0.0265625 0.45546875 0.04453125 0.125
0 0.09375 0.4109375 0.0265625 0.11640625
0 0.31484375 0.31640625 0.03828125 0.09609375
0 0.31015625 0.278125 0.03203125 0.08359375
0 0.3078125 0.2359375 0.0328125 0.096875