0 0.4171875 0.7609375 0.03984375 0.16484375
0 0.28828125 0.46015625 0.04921875 0.0984375
0 0.77265625 0.11171875 0.0359375 0.0890625
0 0.24765625 0.83515625 0.0578125 0.16953125
0 0.58515625 0.30390625 0.0265625 0.10703125
0 0.33671875 0.2546875 0.03125 0.0984375
0 0.34296875 0.17265625 0.0265625 0.1015625
0 0.42578125 0.196875 0.03828125 0.1125
0 0.26796875 0.12109375 0.02421875 0.0921875
0 0.29609375 0.11796875 0.021875 0.090625
0 0.075 0.27578125 0.021875 0.1125
0 0.2234375 0.69609375 0.05546875 0.11953125
0 0.23828125 0.62890625 0.0328125 0.12109375