0 0.25 0.578125 0.0359375 0.16484375
0 0.79921875 0.6671875 0.0359375 0.15625
0 0.60234375 0.4640625 0.0359375 0.14296875
0 0.70078125 0.48671875 0.0265625 0.1515625
0 0.2296875 0.4171875 0.03125 0.1296875
0 0.40625 0.34375 0.0265625 0.11640625
0 0.80859375 0.55859375 0.034375 0.1515625
0 0.48828125 0.2671875 0.05703125 0.1125
0 0.02734375 0.2546875 0.03671875 0.12109375
0 0.0875 0.36953125 0.025 0.12578125
0 0.49765625 0.1859375 0.0296875 0.10390625
0 0.55390625 0.278125 0.02734375 0.12109375
0 0.62109375 0.35078125 0.0421875 0.12578125
0 0.63984375 0.34921875 0.03828125 0.11875