0 0.215625 0.42734375 0.0765625 0.3375
0 0.49453125 0.51875 0.1265625 0.48203125
0 0.5828125 0.4078125 0.0546875 0.29296875
0 0.7453125 0.3 0.05703125 0.14453125
0 0.778125 0.30625 0.034375 0.134375
0 0.3375 0.41953125 0.02890625 0.29453125
0 0.35859375 0.48046875 0.04375 0.28046875
0 0.3140625 0.4375 0.05234375 0.35859375
0 0.63203125 0.31640625 0.0484375 0.10546875
0 0.15625 0.40859375 0.04765625 0.321875
0 0.7078125 0.33671875 0.0890625 0.08203125
0 0.68125 0.31015625 0.04140625 0.11796875
0 0.12734375 0.4328125 0.0625 0.31796875
0 0.415625 0.45390625 0.07578125 0.33046875
0 0.83828125 0.33515625 0.0640625 0.09453125
0 0.8984375 0.3390625 0.0578125 0.10234375
0 0.9453125 0.35078125 0.03828125 0.08203125