0 0.62265625 0.7859375 0.03984375 0.17890625
0 0.45078125 0.56484375 0.0359375 0.13828125
0 0.23203125 0.96640625 0.0359375 0.0578125
0 0.4109375 0.40859375 0.0265625 0.11171875
0 0.53359375 0.43984375 0.03125 0.1296875
0 0.2859375 0.5734375 0.0265625 0.14765625
0 0.6875 0.3796875 0.0265625 0.125
0 0.19609375 0.390625 0.0265625 0.1203125
0 0.43515625 0.75703125 0.03984375 0.1828125
0 0.85078125 0.50859375 0.03125 0.1515625
0 0.25234375 0.28828125 0.02265625 0.11171875
0 0.46328125 0.24609375 0.03203125 0.10390625
0 0.50625 0.2421875 0.0296875 0.1140625
0 0.959375 0.365625 0.0390625 0.14375
0 0.1984375 0.1640625 0.03046875 0.09375