0 0.60078125 0.74140625 0.03984375 0.16953125
0 0.19609375 0.9265625 0.0359375 0.13828125
0 0.4015625 0.71171875 0.0359375 0.16484375
0 0.7859375 0.48203125 0.0265625 0.1515625
0 0.28359375 0.5203125 0.03125 0.13828125
0 0.46015625 0.39765625 0.0265625 0.125
0 0.61171875 0.36171875 0.0265625 0.125
0 0.16328125 0.27421875 0.02265625 0.11171875
0 0.41484375 0.54453125 0.0265625 0.13359375
0 0.41953125 0.22109375 0.0265625 0.09375
0 0.16953125 0.37734375 0.0265625 0.11171875
0 0.35703125 0.38203125 0.0265625 0.11171875
0 0.47734375 0.2453125 0.0265625 0.0984375
0 0.0109375 0.16640625 0.02109375 0.09375
0 0.9296875 0.31171875 0.040625 0.125