0 0.109375 0.578125 0.03125 0.16484375
0 0.28359375 0.3234375 0.02265625 0.1203125
0 0.66484375 0.6765625 0.04453125 0.17421875
0 0.54453125 0.44453125 0.0359375 0.13828125
0 0.61640625 0.47734375 0.0359375 0.14296875
0 0.10703125 0.41953125 0.0265625 0.13359375
0 0.678125 0.32265625 0.0375 0.12109375
0 0.809375 0.31875 0.05703125 0.121875
0 0.68515625 0.56484375 0.04296875 0.159375
0 0.49140625 0.3546875 0.03359375 0.134375
0 0.5078125 0.259375 0.03359375 0.11015625
0 0.53203125 0.275 0.02578125 0.12734375
0 0.38515625 0.16796875 0.03046875 0.10078125