0 0.21640625 0.6671875 0.03984375 0.16484375
0 0.046875 0.52421875 0.0578125 0.1296875
0 0.19765625 0.48046875 0.0421875 0.13125
0 0.30234375 0.525 0.0546875 0.134375
0 0.396875 0.63046875 0.06171875 0.15078125
0 0.45 0.61484375 0.05390625 0.13515625
0 0.421875 0.41875 0.05234375 0.12578125
0 0.5328125 0.4890625 0.05234375 0.13515625
0 0.56484375 0.75 0.0453125 0.18125
0 0.2671875 0.28046875 0.028125 0.12265625
0 0.340625 0.3734375 0.0390625 0.090625
0 0.3265625 0.33515625 0.03203125 0.1125
0 0.78984375 0.26796875 0.0484375 0.11015625