0 0.45546875 0.828125 0.0359375 0.17421875
0 0.5828125 0.3859375 0.03125 0.1203125
0 0.04453125 0.8859375 0.04453125 0.1828125
0 0.33359375 0.6828125 0.04921875 0.128125
0 0.31953125 0.6109375 0.05078125 0.115625
0 0.375 0.60234375 0.04453125 0.0984375
0 0.32578125 0.375 0.0265625 0.10703125
0 0.40859375 0.275 0.03828125 0.12421875
0 0.29296875 0.25 0.03203125 0.09140625
0 0.259375 0.209375 0.0203125 0.08203125
0 0.271875 0.21171875 0.0234375 0.10390625
0 0.0375 0.37578125 0.0359375 0.109375
0 0.00859375 0.31171875 0.0171875 0.1171875
0 0.76171875 0.16796875 0.0390625 0.10625