0 0.44453125 0.6671875 0.03984375 0.1296875
0 0.09140625 0.38203125 0.03984375 0.1203125
0 0.03359375 0.78984375 0.04921875 0.1875
0 0.10078125 0.6296875 0.0578125 0.16953125
0 0.53125 0.4015625 0.0890625 0.0890625
0 0.44609375 0.796875 0.04453125 0.1828125
0 0.2140625 0.45703125 0.04375 0.134375
0 0.115625 0.61328125 0.04296875 0.15078125
0 0.22109375 0.5859375 0.0328125 0.13828125
0 0.25546875 0.57421875 0.0421875 0.1484375
0 0.25 0.45546875 0.02265625 0.10234375
0 0.2046875 0.71015625 0.03125 0.1484375