0 0.5609375 0.53671875 0.07734375 0.4515625
0 0.01328125 0.584375 0.0265625 0.4140625
0 0.32265625 0.596875 0.1125 0.490625
0 0.43125 0.63046875 0.18359375 0.7359375
0 0.959375 0.45234375 0.0796875 0.12890625
0 0.2328125 0.646875 0.0703125 0.42890625
0 0.1609375 0.575 0.08359375 0.553125
0 0.40703125 0.553125 0.0703125 0.35
0 0.86484375 0.4015625 0.0515625 0.2109375
0 0.64296875 0.41171875 0.0765625 0.16796875
0 0.81640625 0.39375 0.0765625 0.2234375
0 0.20234375 0.5421875 0.0625 0.44375
0 0.7171875 0.3953125 0.04921875 0.15859375